7
0,54,77,55,75,82,70
54,0,58,83,64,77,67
77,58,0,69,52,57,78
55,83,69,0,75,55,79
75,64,52,75,0,52,70
82,77,57,55,52,0,74
70,67,78,79,70,74,0